n d
306 7284.5724
317 6997.5388
328 6729.4766
339 6478.5634
350 6243.2030
361 6021.9915
372 5813.6892
383 5617.1974
394 5431.5384
405 5255.8399
416 5089.3207
427 4931.2793
438 4781.0840
449 4638.1643
460 4502.0037
471 4372.1337
482 4248.1279
493 4129.5978
504 4016.1882
515 3907.5742
526 3803.4580
537 3703.5655
548 3607.6449
559 3515.4638
570 3426.8075
581 3341.4777
592 3259.2905
603 3180.0753
614 3103.6739
625 3029.9388
636 2958.7329
647 2889.9280
658 2823.4049
669 2759.0518
680 2696.7642
691 2636.4442
702 2578.0000
713 2521.3455
724 2466.3996
735 2413.0862
746 2361.3335
757 2311.0741
768 2262.2442
779 2214.7836
790 2168.6356
801 2123.7464
812 2080.0652
823 2037.5439
834 1996.1368
845 1955.8008
856 1916.4948
867 1878.1799
878 1840.8189
889 1804.3768
900 1768.8201
911 1734.1168
922 1700.2365
933 1667.1505
944 1634.8309
955 1603.2516
966 1572.3874
977 1542.2142
988 1512.7090
999 1483.8500
1010 1455.6162
1021 1427.9874
1032 1400.9444
1043 1374.4688
1054 1348.5429
1065 1323.1497
1076 1298.2730
1087 1273.8972
1098 1250.0073
1109 1226.5890
1120 1203.6283
1131 1181.1121
1142 1159.0274
1153 1137.3622
1164 1116.1044
1175 1095.2427
1186 1074.7662
1197 1054.6642
1208 1034.9267
1219 1015.5437
1230 996.5058
1241 977.8039
1252 959.4291
1263 941.3729
1274 923.6272
1285 906.1840
1296 889.0355
1307 872.1745
1318 855.5937
1329 839.2862
1340 823.2453
1351 807.4646
1362 791.9377
1373 776.6585
1384 761.6212
1395 746.8201
1406 732.2497
1417 717.9046
1428 703.7796
1439 689.8697
1450 676.1700
1461 662.6758
1472 649.3825
1483 636.2856
1494 623.3809
1505 610.6641
1516 598.1312
1527 585.7781
1538 573.6011
1549 561.5964
1560 549.7604
1571 538.0895
1582 526.5804
1593 515.2296
1604 504.0340
1615 492.9903
1626 482.0955
1637 471.3466
1648 460.7408
1659 450.2751
1670 439.9467
1681 429.7531
1692 419.6916
1703 409.7596
1714 399.9547
1725 390.2745
1736 380.7164
1747 371.2784
1758 361.9581
1769 352.7533
1780 343.6619
1791 334.6819
1802 325.8111
1813 317.0476
1824 308.3895
1835 299.8349
1846 291.3819
1857 283.0287
1868 274.7736
1879 266.6149
1890 258.5509
1901 250.5799
1912 242.7003
1923 234.9106
1934 227.2093
1945 219.5948
1956 212.0657
1967 204.6206
1978 197.2580
1989 189.9767
2000 182.7752
2011 175.6522
2022 168.6065
2033 161.6369
2044 154.7421
2055 147.9209
2066 141.1721
2077 134.4946
2088 127.8872
2099 121.3490
2110 114.8787
2121 108.4753
2132 102.1378
2143 95.8653
2154 89.6566
2165 83.5108
2176 77.4270
2187 71.4043
2198 65.4416
2209 59.5382
2220 53.6932
2231 47.9056
2242 42.1747
2253 36.4996
2264 30.8795
2275 25.3136
2286 19.8012
2297 14.3414
2308 8.9335
2319 3.5768
2330 -1.7294
2341 -6.9859
2352 -12.1934
2363 -17.3525
2374 -22.4639
2385 -27.5283
2396 -32.5462
2407 -37.5185
2418 -42.4456
2429 -47.3281
2440 -52.1668
2451 -56.9621
2462 -61.7147
2473 -66.4251
2484 -71.0939
2495 -75.7216
2506 -80.3087
2517 -84.8559
2528 -89.3636
2539 -93.8323
2550 -98.2625
2561 -102.6548
2572 -107.0096
2583 -111.3274
2594 -115.6087
2605 -119.8538
2616 -124.0634
2627 -128.2378
2638 -132.3774
2649 -136.4827
2660 -140.5542
2671 -144.5922
2682 -148.5971
2693 -152.5694
2704 -156.5095
2715 -160.4176
2726 -164.2944
2737 -168.1400
2748 -171.9549
2759 -175.7394
2770 -179.4940
2781 -183.2189
2792 -186.9145
2803 -190.5811
2814 -194.2192
2825 -197.8290
2836 -201.4108
2847 -204.9651
2858 -208.4920
2869 -211.9919
2880 -215.4652
2891 -218.9120
2902 -222.3328
2913 -225.7278
2924 -229.0973
2935 -232.4416
2946 -235.7610
2957 -239.0558
2968 -242.3261
2979 -245.5724
2990 -248.7948
