n d
304 4926.4442
315 4635.1904
326 4363.0667
337 4108.2466
348 3869.1293
359 3644.3057
370 3432.5304
381 3232.6987
392 3043.8274
403 2865.0383
414 2695.5447
425 2534.6395
436 2381.6858
447 2236.1082
458 2097.3854
469 1965.0442
480 1838.6539
491 1717.8219
502 1602.1892
513 1491.4272
524 1385.2344
535 1283.3336
546 1185.4698
557 1091.4077
568 1000.9298
579 913.8351
590 829.9373
601 749.0634
612 671.0529
623 595.7562
634 523.0342
645 452.7569
656 384.8032
667 319.0596
678 255.4200
689 193.7849
700 134.0612
711 76.1613
722 20.0028
733 -34.4917
744 -87.3950
755 -138.7758
766 -188.6990
777 -237.2258
788 -284.4138
799 -330.3178
810 -374.9895
821 -418.4778
832 -460.8292
843 -502.0877
854 -542.2950
865 -581.4908
876 -619.7129
887 -656.9970
898 -693.3773
909 -728.8862
920 -763.5548
931 -797.4124
942 -830.4872
953 -862.8061
964 -894.3946
975 -925.2773
986 -955.4776
997 -985.0177
1008 -1013.9192
1019 -1042.2026
1030 -1069.8874
1041 -1096.9924
1052 -1123.5357
1063 -1149.5346
1074 -1175.0057
1085 -1199.9648
1096 -1224.4272
1107 -1248.4077
1118 -1271.9203
1129 -1294.9785
1140 -1317.5956
1151 -1339.7838
1162 -1361.5555
1173 -1382.9221
1184 -1403.8949
1195 -1424.4847
1206 -1444.7019
1217 -1464.5564
1228 -1484.0580
1239 -1503.2160
1250 -1522.0394
1261 -1540.5369
1272 -1558.7169
1283 -1576.5874
1294 -1594.1564
1305 -1611.4313
1316 -1628.4196
1327 -1645.1282
1338 -1661.5641
1349 -1677.7339
1360 -1693.6439
1371 -1709.3004
1382 -1724.7093
1393 -1739.8766
1404 -1754.8079
1415 -1769.5086
1426 -1783.9840
1437 -1798.2393
1448 -1812.2794
1459 -1826.1092
1470 -1839.7334
1481 -1853.1565
1492 -1866.3829
1503 -1879.4170
1514 -1892.2629
1525 -1904.9246
1536 -1917.4061
1547 -1929.7113
1558 -1941.8437
1569 -1953.8071
1580 -1965.6049
1591 -1977.2405
1602 -1988.7173
1613 -2000.0385
1624 -2011.2073
1635 -2022.2266
1646 -2033.0996
1657 -2043.8290
1668 -2054.4177
1679 -2064.8684
1690 -2075.1839
1701 -2085.3668
1712 -2095.4195
1723 -2105.3445
1734 -2115.1444
1745 -2124.8214
1756 -2134.3778
1767 -2143.8159
1778 -2153.1378
1789 -2162.3457
1800 -2171.4417
1811 -2180.4277
1822 -2189.3058
1833 -2198.0780
1844 -2206.7460
1855 -2215.3118
1866 -2223.7770
1877 -2232.1436
1888 -2240.4132
1899 -2248.5875
1910 -2256.6681
1921 -2264.6566
1932 -2272.5546
1943 -2280.3636
1954 -2288.0851
1965 -2295.7206
1976 -2303.2716
1987 -2310.7393
1998 -2318.1252
2009 -2325.4306
2020 -2332.6568
2031 -2339.8051
2042 -2346.8767
2053 -2353.8730
2064 -2360.7950
2075 -2367.6439
2086 -2374.4210
2097 -2381.1273
2108 -2387.7639
2119 -2394.3320
2130 -2400.8325
2141 -2407.2665
2152 -2413.6350
2163 -2419.9391
2174 -2426.1796
2185 -2432.3576
2196 -2438.4739
2207 -2444.5296
2218 -2450.5255
2229 -2456.4624
2240 -2462.3413
2251 -2468.1629
2262 -2473.9282
2273 -2479.6379
2284 -2485.2929
2295 -2490.8939
2306 -2496.4417
2317 -2501.9370
2328 -2507.3806
2339 -2512.7732
2350 -2518.1155
2361 -2523.4083
2372 -2528.6521
2383 -2533.8478
2394 -2538.9959
2405 -2544.0971
2416 -2549.1520
2427 -2554.1613
2438 -2559.1256
2449 -2564.0454
2460 -2568.9215
2471 -2573.7542
2482 -2578.5444
2493 -2583.2924
2504 -2587.9988
2515 -2592.6643
2526 -2597.2892
2537 -2601.8742
2548 -2606.4198
2559 -2610.9265
2570 -2615.3947
2581 -2619.8249
2592 -2624.2177
2603 -2628.5736
2614 -2632.8929
2625 -2637.1761
2636 -2641.4237
2647 -2645.6361
2658 -2649.8138
2669 -2653.9572
2680 -2658.0667
2691 -2662.1427
2702 -2666.1857
2713 -2670.1960
2724 -2674.1740
2735 -2678.1201
2746 -2682.0348
2757 -2685.9183
2768 -2689.7710
2779 -2693.5934
2790 -2697.3857
2801 -2701.1483
2812 -2704.8816
2823 -2708.5859
2834 -2712.2615
2845 -2715.9088
2856 -2719.5282
2867 -2723.1198
2878 -2726.6841
2889 -2730.2213
2900 -2733.7318
2911 -2737.2158
2922 -2740.6737
2933 -2744.1058
2944 -2747.5122
2955 -2750.8934
2966 -2754.2496
2977 -2757.5811
2988 -2760.8882
2999 -2764.1710
