n r
492 1.129334
493 1.126491
494 1.129885
495 1.127054
496 1.130435
497 1.127618
498 1.128294
499 1.128181
500 1.126158
501 1.128745
502 1.125826
503 1.129308
504 1.126402
505 1.129871
506 1.126978
507 1.130435
508 1.127554
509 1.128304
510 1.128131
511 1.126176
512 1.128707
513 1.125730
514 1.129283
515 1.126318
516 1.129859
517 1.126906
518 1.130435
519 1.127494
520 1.128313
521 1.128082
522 1.126194
523 1.128670
524 1.125637
525 1.129258
526 1.126237
527 1.129847
528 1.126836
529 1.130435
530 1.127436
531 1.128321
532 1.128036
533 1.126211
534 1.128635
535 1.125548
536 1.129235
537 1.126159
538 1.129835
539 1.126769
540 1.130435
541 1.127380
542 1.128329
543 1.127991
544 1.126228
545 1.128602
546 1.125463
547 1.129213
548 1.126084
549 1.129824
550 1.126705
551 1.130435
552 1.127326
553 1.128337
554 1.127948
555 1.126243
556 1.128570
557 1.125380
558 1.129191
559 1.126012
560 1.129813
561 1.126643
562 1.130435
563 1.127275
564 1.128345
565 1.127907
566 1.126259
567 1.128539
568 1.125301
569 1.129171
570 1.125943
571 1.129803
572 1.126584
573 1.130435
574 1.127225
575 1.128352
576 1.127867
577 1.126273
578 1.128509
579 1.125225
580 1.129151
581 1.125876
582 1.129793
583 1.126527
584 1.130435
585 1.127178
586 1.128359
587 1.127829
588 1.126287
589 1.128480
590 1.125152
591 1.129132
592 1.125812
593 1.129783
594 1.126472
595 1.130435
596 1.127132
597 1.128366
598 1.127792
599 1.126301
600 1.128452
601 1.125081
602 1.129113
603 1.125750
604 1.129774
605 1.126418
606 1.130435
607 1.127087
608 1.128372
609 1.127756
610 1.126314
611 1.128426
612 1.125013
613 1.129095
614 1.125690
615 1.129765
616 1.126367
617 1.130435
618 1.127045
619 1.128379
620 1.127722
621 1.126326
622 1.128400
623 1.124947
624 1.129078
625 1.125632
626 1.129756
627 1.126318
628 1.130435
629 1.127003
630 1.128385
631 1.127689
632 1.126338
633 1.128375
634 1.124883
635 1.129062
636 1.125576
637 1.129748
638 1.126270
639 1.130435
640 1.126963
641 1.128390
642 1.127657
643 1.126350
644 1.128351
645 1.124822
646 1.129045
647 1.125522
648 1.129740
649 1.126223
650 1.130435
651 1.126925
652 1.128396
653 1.127626
654 1.126361
655 1.128328
656 1.124762
657 1.129030
658 1.125470
659 1.129732
660 1.126179
661 1.130435
662 1.126887
663 1.128402
664 1.127596
665 1.126372
666 1.128306
667 1.124705
668 1.129015
669 1.125420
670 1.129725
671 1.126135
672 1.130435
673 1.126851
674 1.128407
675 1.127567
676 1.126382
677 1.128284
678 1.124649
679 1.129001
680 1.125371
681 1.129718
682 1.126094
683 1.130435
684 1.126816
685 1.128412
686 1.127539
687 1.126393
688 1.128263
689 1.124595
690 1.128987
691 1.125324
692 1.129710
693 1.126053
694 1.130435
695 1.126782
696 1.128417
697 1.127512
698 1.126403
699 1.128242
700 1.124542
701 1.128973
702 1.125278
703 1.129704
704 1.126014
705 1.130435
706 1.126750
707 1.128422
708 1.127486
709 1.126412
710 1.128223
711 1.124492
712 1.128960
713 1.125233
714 1.129697
715 1.125975
716 1.130435
717 1.126718
718 1.128426
719 1.127460
720 1.126421
721 1.128204
722 1.124442
723 1.128947
724 1.125190
725 1.129691
726 1.125938
727 1.130435
728 1.126687
729 1.128431
730 1.127436
731 1.126430
732 1.128185
733 1.124433
734 1.128935
735 1.125148
736 1.129685
737 1.125902
738 1.130435
739 1.126657
740 1.128435
741 1.127412
742 1.126439
743 1.128167
744 1.124446
745 1.128923
746 1.125108
747 1.129678
748 1.125868
749 1.130435
750 1.126628
751 1.128439
752 1.127388
753 1.126447
754 1.128149
755 1.124459
756 1.128911
757 1.125068
758 1.129673
759 1.125834
760 1.130435
761 1.126599
762 1.128444
763 1.127366
764 1.126456
765 1.128132
766 1.124471
767 1.128900
768 1.125030
769 1.129667
770 1.125801
771 1.130435
772 1.126572
773 1.128448
774 1.127344
775 1.126464
776 1.128116
777 1.124483
778 1.128888
779 1.124992
780 1.129661
781 1.125769
782 1.130435
783 1.126545
784 1.128451
785 1.127322
786 1.126471
787 1.128100
788 1.124495
789 1.128878
790 1.124956
791 1.129656
792 1.125737
793 1.130435
794 1.126519
795 1.128455
796 1.127302
797 1.126479
798 1.128084
799 1.124506
800 1.128867
801 1.124921
802 1.129651
803 1.125707
804 1.130435
805 1.126494
806 1.128459
807 1.127281
808 1.126486
809 1.128069
810 1.124517
811 1.128857
812 1.124886
813 1.129646
814 1.125678
815 1.130435
816 1.126469
817 1.128462
818 1.127262
819 1.126493
820 1.128054
821 1.124528
822 1.128847
823 1.124853
824 1.129641
825 1.125649
826 1.130435
827 1.126445
828 1.128466
829 1.127242
830 1.126500
831 1.128040
832 1.124538
833 1.128838
834 1.124820
835 1.129636
836 1.125621
837 1.130435
838 1.126422
839 1.128469
840 1.127224
841 1.126507
842 1.128026
843 1.124548
844 1.128828
845 1.124788
846 1.129631
847 1.125594
848 1.130435
849 1.126399
850 1.128473
851 1.127206
852 1.126514
853 1.128012
854 1.124558
855 1.128819
856 1.124757
857 1.129627
858 1.125567
859 1.130435
860 1.126377
861 1.128476
862 1.127188
863 1.126520
864 1.127999
865 1.124568
866 1.128810
867 1.124727
868 1.129622
869 1.125541
870 1.130435
871 1.126356
872 1.128479
873 1.127170
874 1.126526
875 1.127986
876 1.124577
877 1.128802
878 1.124698
879 1.129618
880 1.125516
881 1.130435
882 1.126334
883 1.128482
884 1.127154
885 1.126532
886 1.127973
887 1.124586
888 1.128793
889 1.124669
890 1.129614
891 1.125491
892 1.130435
893 1.126314
894 1.128485
895 1.127137
896 1.126538
897 1.127961
898 1.124595
899 1.128785
900 1.124641
901 1.129610
902 1.125467
903 1.130435
904 1.126294
905 1.128488
906 1.127121
907 1.126544
908 1.127949
909 1.124604
910 1.128777
911 1.124614
912 1.129606
913 1.125444
914 1.130435
915 1.126274
916 1.128491
917 1.127105
918 1.126550
919 1.127937
920 1.124612
921 1.128769
922 1.124587
923 1.129602
924 1.125421
925 1.130435
926 1.126255
927 1.128493
928 1.127090
929 1.126555
930 1.127925
931 1.124621
932 1.128761
933 1.124561
934 1.129598
935 1.125398
936 1.130435
937 1.126236
938 1.128496
939 1.127075
940 1.126561
941 1.127914
942 1.124629
943 1.128754
944 1.124535
945 1.129594
946 1.125377
947 1.130435
948 1.126218
949 1.128499
950 1.127060
951 1.126566
952 1.127903
953 1.124637
954 1.128747
955 1.124510
956 1.129590
957 1.125355
958 1.130435
959 1.126200
960 1.128501
961 1.127046
962 1.126571
963 1.127892
964 1.124644
965 1.128739
966 1.124486
967 1.129587
968 1.125334
969 1.130435
970 1.126183
971 1.128504
972 1.127032
973 1.126576
974 1.127882
975 1.124652
976 1.128732
977 1.124462
978 1.129583
979 1.125314
980 1.130435
981 1.126166
982 1.128506
983 1.127019
984 1.126581
985 1.127872
986 1.124659
987 1.128726
988 1.124439
989 1.129580
990 1.125294
991 1.130435
992 1.126149
993 1.128509
994 1.127005
995 1.126586
996 1.127862
997 1.124666
998 1.128719
999 1.124416
1000 1.129577
1001 1.125274
1002 1.130435
1003 1.126133
1004 1.128511
1005 1.126992
1006 1.126591
1007 1.127852
1008 1.124673
1009 1.128712
1010 1.124394
1011 1.129573
1012 1.125255
1013 1.130435
1014 1.126117
1015 1.128513
1016 1.126979
1017 1.126595
1018 1.127842
1019 1.124680
1020 1.128706
1021 1.124372
1022 1.129570
1023 1.125236
1024 1.130435
1025 1.126101
1026 1.128516
1027 1.126967
1028 1.126600
1029 1.127833
1030 1.124687
1031 1.128700
1032 1.124351
1033 1.129567
1034 1.125218
1035 1.130435
1036 1.126086
1037 1.128518
1038 1.126955
1039 1.126604
1040 1.127824
1041 1.124694
1042 1.128693
1043 1.124330
1044 1.129564
1045 1.125200
1046 1.130435
1047 1.126071
1048 1.128520
1049 1.126943
1050 1.126609
1051 1.127815
1052 1.124700
1053 1.128687
1054 1.124309
1055 1.129561
1056 1.125182
1057 1.130435
1058 1.126056
1059 1.128522
1060 1.126931
1061 1.126613
1062 1.127806
1063 1.124707
1064 1.128682
1065 1.124289
1066 1.129558
1067 1.125165
1068 1.130435
1069 1.126042
1070 1.128524
1071 1.126919
1072 1.126617
1073 1.127797
1074 1.124713
1075 1.128676
1076 1.124269
1077 1.129555
1078 1.125148
1079 1.130435
1080 1.126028
1081 1.128526
1082 1.126908
1083 1.126621
1084 1.127789
1085 1.124719
1086 1.128670
1087 1.124250
1088 1.129552
1089 1.125132
1090 1.130435
1091 1.126014
1092 1.128528
1093 1.126897
1094 1.126625
1095 1.127780
1096 1.124725
1097 1.128665
1098 1.124231
1099 1.129549
1100 1.125116
1101 1.130435
1102 1.126001
1103 1.128530
1104 1.126886
1105 1.126629
1106 1.127772
1107 1.124731
1108 1.128659
1109 1.124213
1110 1.129547
1111 1.125100
1112 1.130435
1113 1.125987
1114 1.128532
1115 1.126876
1116 1.126633
1117 1.127764
1118 1.124736
1119 1.128654
1120 1.124195
1121 1.129544
1122 1.125084
1123 1.130435
1124 1.125974
1125 1.128534
1126 1.126865
1127 1.126636
1128 1.127757
1129 1.124742
1130 1.128649
1131 1.124177
1132 1.129541
1133 1.125069
1134 1.130435
1135 1.125962
1136 1.128536
1137 1.126855
1138 1.126640
1139 1.127749
1140 1.124747
1141 1.128644
1142 1.124159
1143 1.129539
1144 1.125054
1145 1.130435
1146 1.125949
1147 1.128538
1148 1.126845
1149 1.126644
1150 1.127741
1151 1.124753
1152 1.128639
1153 1.124142
1154 1.129536
1155 1.125039
1156 1.130435
1157 1.125937
1158 1.128539
1159 1.126835
1160 1.126647
1161 1.127734
1162 1.124758
1163 1.128634
1164 1.124125
1165 1.129534
1166 1.125025
1167 1.130435
1168 1.125925
1169 1.128541
1170 1.126825
1171 1.126651
1172 1.127727
1173 1.124763
1174 1.128629
1175 1.124109
1176 1.129531
1177 1.125011
1178 1.130435
1179 1.125913
1180 1.128543
1181 1.126816
1182 1.126654
1183 1.127720
1184 1.124768
1185 1.128624
1186 1.124093
1187 1.129529
1188 1.124997
1189 1.130435
1190 1.125901
1191 1.128544
1192 1.126807
1193 1.126657
1194 1.127713
1195 1.124773
1196 1.128619
1197 1.124077
1198 1.129527
1199 1.124983
1200 1.130435
1201 1.125890
1202 1.128546
1203 1.126798
1204 1.126661
1205 1.127706
1206 1.124778
1207 1.128615
1208 1.124061
1209 1.129524
1210 1.124970
1211 1.130435
1212 1.125879
1213 1.128548
1214 1.126789
1215 1.126664
1216 1.127699
1217 1.124783
1218 1.128610
1219 1.124046
1220 1.129522
1221 1.124956
1222 1.130435
1223 1.125868
1224 1.128549
1225 1.126780
1226 1.126667
1227 1.127692
1228 1.124788
1229 1.128606
1230 1.124031
1231 1.129520
1232 1.124943
1233 1.130435
1234 1.125857
1235 1.128551
1236 1.126771
1237 1.126670
1238 1.127686
1239 1.124792
1240 1.128602
1241 1.124016
1242 1.129518
1243 1.124931
1244 1.130435
1245 1.125846
1246 1.128552
1247 1.126763
1248 1.126673
1249 1.127680
1250 1.124797
1251 1.128597
1252 1.124001
1253 1.129516
1254 1.124918
1255 1.130435
1256 1.125836
1257 1.128554
1258 1.126754
1259 1.126676
1260 1.127673
1261 1.124801
1262 1.128593
1263 1.123987
1264 1.129514
1265 1.124906
1266 1.130435
1267 1.125826
1268 1.128555
1269 1.126746
1270 1.126679
1271 1.127667
1272 1.124806
1273 1.128589
1274 1.123973
1275 1.129512
1276 1.124894
1277 1.130435
1278 1.125816
1279 1.128557
1280 1.126738
1281 1.126682
1282 1.127661
1283 1.124810
1284 1.128585
1285 1.123959
1286 1.129510
1287 1.124882
1288 1.130435
1289 1.125806
1290 1.128558
1291 1.126730
1292 1.126685
1293 1.127655
1294 1.124814
1295 1.128581
1296 1.123945
1297 1.129508
1298 1.124870
1299 1.130435
1300 1.125796
1301 1.128560
1302 1.126722
1303 1.126688
1304 1.127649
1305 1.124819
1306 1.128577
1307 1.123932
1308 1.129506
1309 1.124859
1310 1.130435
1311 1.125786
1312 1.128561
1313 1.126715
1314 1.126690
1315 1.127644
1316 1.124823
1317 1.128573
1318 1.123919
1319 1.129504
1320 1.124848
1321 1.130435
1322 1.125777
1323 1.128562
1324 1.126707
1325 1.126693
1326 1.127638
1327 1.124827
1328 1.128570
1329 1.123906
1330 1.129502
1331 1.124837
1332 1.130435
1333 1.125768
1334 1.128564
1335 1.126700
1336 1.126696
1337 1.127632
1338 1.124831
1339 1.128566
1340 1.123893
1341 1.129500
1342 1.124826
1343 1.130435
1344 1.125759
1345 1.128565
1346 1.126692
1347 1.126698
1348 1.127627
1349 1.124835
1350 1.128562
1351 1.123881
1352 1.129498
1353 1.124815
1354 1.130435
1355 1.125750
1356 1.128566
1357 1.126685
1358 1.126701
1359 1.127622
1360 1.124838
1361 1.128559
1362 1.123868
1363 1.129496
1364 1.124804
1365 1.130435
1366 1.125741
1367 1.128568
1368 1.126678
1369 1.126703
1370 1.127616
1371 1.124842
1372 1.128555
1373 1.123856
1374 1.129495
1375 1.124794
1376 1.130435
1377 1.125732
1378 1.128569
1379 1.126671
1380 1.126706
1381 1.127611
1382 1.124846
1383 1.128552
1384 1.123844
1385 1.129493
1386 1.124784
1387 1.130435
1388 1.125724
1389 1.128570
1390 1.126664
1391 1.126708
1392 1.127606
1393 1.124850
1394 1.128548
1395 1.123833
1396 1.129491
1397 1.124774
1398 1.130435
1399 1.125715
1400 1.128571
1401 1.126658
1402 1.126711
1403 1.127601
1404 1.124853
1405 1.128545
1406 1.123821
1407 1.129489
1408 1.124764
1409 1.130435
1410 1.125707
1411 1.128572
1412 1.126651
1413 1.126713
1414 1.127596
1415 1.124857
1416 1.128541
1417 1.123810
1418 1.129488
1419 1.124754
1420 1.130435
1421 1.125699
1422 1.128574
1423 1.126645
1424 1.126715
1425 1.127591
1426 1.124860
1427 1.128538
1428 1.123799
1429 1.129486
1430 1.124744
1431 1.130435
1432 1.125691
1433 1.128575
1434 1.126638
1435 1.126718
1436 1.127586
1437 1.124864
1438 1.128535
1439 1.123788
1440 1.129484
1441 1.124735
1442 1.130435
1443 1.125683
1444 1.128576
1445 1.126632
1446 1.126720
1447 1.127581
1448 1.124867
1449 1.128532
1450 1.123777
1451 1.129483
1452 1.124726
1453 1.130435
1454 1.125675
1455 1.128577
1456 1.126626
1457 1.126722
1458 1.127577
1459 1.124870
1460 1.128529
1461 1.123766
1462 1.129481
1463 1.124716
1464 1.130435
1465 1.125667
1466 1.128578
1467 1.126619
1468 1.126724
1469 1.127572
1470 1.124874
1471 1.128526
1472 1.123755
1473 1.129480
1474 1.124707
1475 1.130435
1476 1.125660
1477 1.128579
1478 1.126613
1479 1.126727
1480 1.127568
1481 1.124877
1482 1.128523
1483 1.123745
1484 1.129478
1485 1.124698
1486 1.130435
1487 1.125653
1488 1.128580
1489 1.126607
1490 1.126729
1491 1.127563
1492 1.124880
1493 1.128520
1494 1.123735
1495 1.129477
1496 1.124690
1497 1.130435
1498 1.125645
1499 1.128581
1500 1.126602
