n r
4 1.345186
5 1.312938
6 1.290363
7 1.302858
8 1.265738
9 1.292855
10 1.265757
11 1.282929
12 1.260870
13 1.273079
14 1.261975
15 1.263305
16 1.258708
17 1.253606
18 1.257541
19 1.243981
20 1.253507
21 1.234430
22 1.250391
23 1.233459
24 1.245404
25 1.233556
26 1.240886
27 1.233616
28 1.235113
29 1.232167
30 1.229614
31 1.229661
32 1.223249
33 1.227150
34 1.217063
35 1.224647
36 1.216199
37 1.220585
38 1.215877
39 1.216705
40 1.213830
41 1.212835
42 1.211839
43 1.208152
44 1.210173
45 1.203087
46 1.208503
47 1.202955
48 1.205632
49 1.201263
50 1.201979
51 1.199753
52 1.198333
53 1.198369
54 1.194696
55 1.196980
56 1.192391
57 1.195587
58 1.190984
59 1.193399
60 1.189660
61 1.190017
62 1.188506
63 1.186704
64 1.187348
65 1.183541
66 1.186186
67 1.182367
68 1.185020
69 1.181189
70 1.183204
71 1.180099
72 1.180234
73 1.179133
74 1.177052
75 1.178163
76 1.174998
77 1.177190
78 1.174014
79 1.176214
80 1.173027
81 1.174578
82 1.172037
83 1.171849
84 1.171202
85 1.168779
86 1.170392
87 1.167769
88 1.169579
89 1.166947
90 1.168763
91 1.166121
92 1.167184
93 1.165292
94 1.164582
95 1.164461
96 1.162255
97 1.163731
98 1.161573
99 1.163055
100 1.160888
101 1.162377
102 1.160201
103 1.160776
104 1.159511
105 1.158223
106 1.158818
107 1.156766
108 1.158123
109 1.156203
110 1.157425
111 1.155638
112 1.156842
113 1.155071
114 1.155169
115 1.154501
116 1.152694
117 1.153928
118 1.152113
119 1.153354
120 1.151530
121 1.152777
122 1.151044
123 1.151998
124 1.150581
125 1.150221
126 1.150117
127 1.148667
128 1.149650
129 1.148193
130 1.149181
131 1.147716
132 1.148710
133 1.147238
134 1.147725
135 1.146757
136 1.145824
137 1.146274
138 1.145114
139 1.145875
140 1.144734
141 1.145499
142 1.144351
143 1.145121
144 1.143966
145 1.143926
146 1.143580
147 1.142395
148 1.143191
149 1.142000
150 1.142800
151 1.141659
152 1.142408
153 1.141360
154 1.141931
155 1.141059
156 1.140527
157 1.140756
158 1.139856
159 1.140451
160 1.139545
161 1.140144
162 1.139232
163 1.139836
164 1.138918
165 1.139077
166 1.138601
167 1.137818
168 1.138283
169 1.137584
170 1.137999
171 1.137349
172 1.137768
173 1.137112
174 1.137535
175 1.136873
176 1.136508
177 1.136633
178 1.135945
179 1.136391
180 1.135697
181 1.136147
182 1.135448
183 1.135901
184 1.135203
185 1.135464
186 1.135033
187 1.134584
188 1.134861
189 1.134407
190 1.134688
191 1.134228
192 1.134513
193 1.134048
194 1.134336
195 1.133866
196 1.133590
197 1.133682
198 1.133189
199 1.133497
200 1.133015
201 1.133311
202 1.132899
203 1.133123
204 1.132781
205 1.132920
206 1.132662
207 1.132387
208 1.132541
209 1.132262
210 1.132420
211 1.132135
212 1.132296
213 1.132007
214 1.132171
215 1.131877
216 1.131633
217 1.131746
218 1.131487
219 1.131613
220 1.131419
221 1.131479
222 1.131350
223 1.131374
224 1.131280
225 1.131306
226 1.131208
227 1.131094
228 1.131135
229 1.131016
230 1.131060
231 1.130937
232 1.130985
233 1.130857
234 1.130908
235 1.130775
236 1.130687
237 1.130692
238 1.130664
239 1.130608
240 1.130639
241 1.130556
242 1.130614
243 1.130533
244 1.130587
245 1.130510
246 1.130559
247 1.130243
248 1.130530
249 1.130269
250 1.130499
251 1.130294
252 1.130468
253 1.130317
254 1.130435
255 1.130340
256 1.130145
257 1.130361
258 1.129835
259 1.130381
260 1.129906
261 1.130400
262 1.129975
263 1.130418
264 1.130044
265 1.130435
266 1.130112
267 1.129809
268 1.130179
269 1.129458
270 1.130244
271 1.129570
272 1.130309
273 1.129682
274 1.130372
275 1.129792
276 1.130435
277 1.129902
278 1.129500
279 1.130010
280 1.129109
281 1.130118
282 1.129260
283 1.130225
284 1.129410
285 1.130330
286 1.129559
287 1.130435
288 1.129707
289 1.129213
290 1.129855
291 1.128785
292 1.130001
293 1.128972
294 1.130146
295 1.129158
296 1.130291
297 1.129342
298 1.130435
299 1.129527
300 1.128946
301 1.129710
302 1.128484
303 1.129892
304 1.128704
305 1.130074
306 1.128923
307 1.130255
308 1.129141
309 1.130435
310 1.129358
311 1.128699
312 1.129575
313 1.128202
314 1.129791
315 1.128453
316 1.130006
317 1.128703
318 1.130221
319 1.128953
320 1.130435
321 1.129201
322 1.128467
323 1.129449
324 1.127939
325 1.129697
326 1.128219
327 1.129943
328 1.128498
329 1.130189
330 1.128777
331 1.130435
332 1.129054
333 1.128251
334 1.129332
335 1.127692
336 1.129608
337 1.127999
338 1.129885
339 1.128306
340 1.130160
341 1.128611
342 1.130435
343 1.128917
344 1.128101
345 1.129222
346 1.127460
347 1.129526
348 1.127793
349 1.129829
350 1.128125
351 1.130132
352 1.128456
353 1.130435
354 1.128787
355 1.128120
356 1.129118
357 1.127242
358 1.129448
359 1.127599
360 1.129777
361 1.127955
362 1.130106
363 1.128310
364 1.130435
365 1.128666
366 1.128138
367 1.129020
368 1.127036
369 1.129375
370 1.127416
371 1.129729
372 1.127794
373 1.130082
374 1.128173
375 1.130435
376 1.128551
377 1.128156
378 1.128928
379 1.126842
380 1.129306
381 1.127243
382 1.129682
383 1.127643
384 1.130059
385 1.128043
386 1.130435
387 1.128442
388 1.128172
389 1.128842
390 1.126658
391 1.129241
392 1.127079
393 1.129639
394 1.127500
395 1.130037
396 1.127920
397 1.130435
398 1.128340
399 1.128187
400 1.128760
401 1.126484
402 1.129179
403 1.126924
404 1.129598
405 1.127364
406 1.130016
407 1.127804
408 1.130435
409 1.128243
410 1.128202
411 1.128682
412 1.126319
413 1.129120
414 1.126777
415 1.129559
416 1.127235
417 1.129997
418 1.127693
419 1.130435
420 1.128151
421 1.128215
422 1.128608
423 1.126162
424 1.129065
425 1.126637
426 1.129522
427 1.127113
428 1.129978
429 1.127588
430 1.130435
431 1.128063
432 1.128228
433 1.128538
434 1.126026
435 1.129012
436 1.126505
437 1.129487
438 1.126996
439 1.129961
440 1.127488
441 1.130435
442 1.127980
443 1.128241
444 1.128471
445 1.126051
446 1.128962
447 1.126378
448 1.129453
449 1.126886
450 1.129944
451 1.127393
452 1.130435
453 1.127900
454 1.128253
455 1.128408
456 1.126074
457 1.128915
458 1.126257
459 1.129421
460 1.126780
461 1.129928
462 1.127302
463 1.130435
464 1.127825
465 1.128264
466 1.128347
467 1.126097
468 1.128869
469 1.126142
470 1.129391
471 1.126679
472 1.129913
473 1.127216
474 1.130435
475 1.127753
476 1.128274
477 1.128289
478 1.126118
479 1.128826
480 1.126032
481 1.129362
482 1.126583
483 1.129899
484 1.127133
485 1.130435
486 1.127684
487 1.128285
488 1.128234
489 1.126138
490 1.128784
491 1.125927
